261 1100001
263 11000000100
10 10001
8211 100101011
281 100000
8221 1001001011
8222 1001001010
32 101
8230 1100000000
44 110011
46 110111
63 10010010011
65 10010000
322 0101010
66 11000000101
67 010011110
324 01001101
68 11000000011
73 10010001
74 100101010
75 100100110
77 11001010
78 100101000
80 01001110
82 01001100
83 10010010001
84 100101001
86 10010010000
87 11000000010
90 11000000111
347 1100100
97 1110
98 1001011
99 01011
100 010100
101 000
102 100100111
103 0101011
104 11000001
105 001
106 110001
107 100001
108 010010
109 0111
110 0110
111 11010
112 1111110
113 10010010010
114 111100
243 0100111111
115 111110
116 01000
117 1111111
118 0100111110
119 111101
121 110110
122 10011
378 11000000110
380 11001011
